0
1
4
4
8
12
13
14
20
26
28
30
37
43
45
47
53
53
53
61
61
62
63
64
67
70
70
73
73
73
75
77
81
82
85
87
89
90
91
94
94
95
98
98
100
100
108
109
112
113
114
115
117
118
118
120
120
121
123
124
126
126
128
129
132
134
135
139
146
148
148
150
150
152
153
153
154
154
156
160
161
162
162
165
168
171
173
176
179
180
180
181
182
188
189
189
191
192
194
195
196
198
201
201
207
214
215
217
218
224
229
229
231
232
233
233
233
235
240
242
243
245
246
251
253
257
258
258
260
260
267
269
269
271
275
276
278
280
281
282
282
286
287
293
293
293
294
294
295
296
298
299
299
299
301
302
305
306
307
311
312
316
320
321
339
347
348
353
357
357
360
361
363
366
367
367
370
371
373
374
375
376
376
384
386
387
388
390
391
392
393
396
402
414
415
415
417
417
418
420
421
422
428
429
430
430
431
433
434
435
435
436
439
441
446
446
447
447
453
454
455
459
459
460
460
461
465
467
469
474
474
476
476
479
486
491
496
498
498
498
498
499
501
501
501
502
502
510
514
514
516
517
520
523
525
534
535
537
543
547
547
548
549
550
551
554
560
562
563
564
565
565
568
568
569
575
579
584
585
586
587
588
589
593
593
596
597
597
598
602
604
608
608
614
615
618
618
619
620
623
623
624
627
627
634
634
635
638
639
640
641
641
649
652
652
653
653
654
658
658
661
663
665
668
669
670
671
671
672
675
677
678
679
679
680
680
681
681
681
681
685
686
690
691
692
693
697
705
706
709
710
713
713
723
725
725
728
729
735
735
736
745
749
750
751
762
763
765
765
769
770
773
776
776
778
778
779
784
789
790
793
796
797
801
802
803
804
806
806
807
807
810
812
812
815
816
817
817
818
818
820
827
831
833
844
844
845
849
850
853
853
853
855
856
859
859
861
861
861
865
867
870
871
871
882
886
887
887
899
904
905
906
907
907
910
910
911
912
913
913
915
916
917
918
919
922
923
925
925
926
927
929
931
933
934
936
939
940
944
945
949
949
952
954
956
957
958
959
959
959
959
960
965
965
966
968
972
972
974
977
977
977
979
981
982
982
983
983
983
988
991
993
995
995
998
1000
1001
1003
1004
1006
1006
1008
1008
1010
1010
1011
1012
1013
1013
1014
1018
1020
1020
1020
1021
1022
1024
1029
1029
1030
1038
1039
1040
1046
1052
1053
1053
1055
1055
1056
1057
1060
1061
1061
1063
1063
1063
1065
1066
1067
1068
1072
1076
1078
1083
1088
1089
1090
1093
1095
1100
1106
1109
1109
1113
1114
1115
1115
1115
1117
1118
1120
1123
1129
1130
1130
1132
1133
1133
1134
1141
1141
1143
1145
1149
1150
1153
1154
1157
1157
1158
1162
1164
1165
1166
1167
1168
1169
1170
1172
1172
1173
1174
1175
1177
1178
1181
1189
1190
1192
1194
1195
1202
1204
1207
1207
1207
1209
1209
1209
1210
1210
1211
1211
1213
1216
1222
1224
1225
1225
1227
1228
1232
1233
1235
1235
1235
1237
1238
1238
1239
1240
1242
1243
1244
1246
1246
1246
1251
1253
1254
1255
1256
1256
1260
1267
1277
1277
1278
1280
1282
1285
1287
1289
1290
1292
1292
1294
1294
1294
1295
1296
1296
1298
1300
1301
1303
1303
1305
1307
1312
1315
1319
1323
1326
1326
1327
1327
1327
1332
1335
1337
1345
1346
1348
1350
1352
1353
1354
1356
1356
1367
1369
1369
1371
1371
1372
1375
1375
1377
1380
1382
1382
1382
1384
1385
1385
1387
1387
1393
1405
1405
1405
1405
1406
1414
1414
1417
1420
1421
1421
1421
1423
1425
1425
1426
1434
1437
1438
1444
1444
1445
1446
1446
1450
1453
1455
1456
1456
1458
1459
1466
1466
1470
1470
1470
1471
1471
1473
1473
1477
1479
1479
1483
1488
1490
1493
1497
1497
1497
1497
1501
1506
1507
1511
1511
1513
1513
1514
1514
1514
1517
1517
1517
1521
1522
1526
1528
1531
1532
1539
1544
1548
1551
1553
1553
1561
1562
1563
1564
1571
1572
1572
1575
1575
1579
1579
1579
1583
1584
1588
1591
1598
1601
1608
1609
1611
1612
1614
1618
1619
1620
1623
1625
1626
1630
1636
1638
1638
1640
1641
1642
1646
1648
1652
1655
1655
1656
1660
1661
1663
1675
1675
1676
1677
1677
1679
1684
1689
1695
1696
1696
1701
1703
1706
1716
1717
1721
1721
1722
1723
1725
1728
1729
1732
1733
1735
1737
1737
1742
1743
1743
1746
1746
1748
1752
1760
1762
1763
1764
1769
1770
1773
1773
1775
1775
1777
1779
1782
1785
1786
1788
1790
1793
1793
1793
1796
1797
1797
1797
1798
1801
1801
1803
1809
1811
1812
1813
1815
1816
1817
1817
1820
1824
1824
1826
1827
1827
1827
1828
1829
1831
1832
1832
1834
1835
1839
1840
1840
1842
1850
1851
1852
1858
1859
1860
1861
1861
1862
1862
1863
1871
1871
1871
1872
1873
1883
1883
1884
1886
1888
1895
1895
1896
1896
1897
1899
1904
1905
1906
1906
1910
1910
1911
1917
1917
1919
1921
1927
1928
1933
1933
1934
1936
1938
1938
1940
1945
1946
1948
1949
1949
1957
1960
1960
1967
1968
1968
1968
1969
1969
1970
1971
1972
1974
1974
1975
1978
1980
1980
1981
1982
1983
1984
1988
1989
1990
1991
1992
1997
